$ANSIBLE_VAULT;1.1;AES256
61303639333435663331313232376666353463633838393539643937376561616131343735396533
6437633661616461393935616562653137376232623830650a643863633064326631323031336339
36346138656466393435666534323934633336376330663536323033356430363932626633356163
6362623866383236640a363234383966653430376631376435383064663031653331313630656465
66333831353264333561356531326562303561666432393061623638333639646533336132373563
39393332633734323932636463626430373961376636383839613939633631343066633264646662
39643734343737373466333032373862643534326165666531313236383339393730306362636630
37346537393530656230333138643239303335303230383635353439333164343637363731633662
39616539303630633964616637383532356635326134353339346162633130326666343163353863
38623634386161663864646632336639313332646632366531306236643033313538363437363834
65373666333636323932353733643439646264653637346166376438613465613432393635653162
32653735346563626466613134636463303164366461653936363137353331323165363732353339
66636666376361333263323432336165376261633265393337643631336164663133363535383637
31663233316365303337333934313162313765613061346138306434343638663332643166656538
32363931353638643431323666313861376335346533616261343939613562626538303661376130
37643463636165656166366137353564383732393161323431303166633164373363366264313832
65356531643338616134336231653433613130613066316435646665653732373162303566346237
64613664386235343662316337313164313632396633616239656666383733383532363730386339
30323032376562373637333537623764613730356661373737633864643030666261323266626435
30383261616133363834363230623435393237383764343030306439653363373736383539643561
32373738336238656566636336643736313735636436663037346238353438663631663562386538
30376135616632333433353964613864356463393730366163303734343261653061393631353733
34363031656166623732613462303139623839396236636664653539373164666263313734366234
36323463363062616334366338636666303132386266323235616464663866333539343364616534
39643334376235333835663032316537353130363837633661326133363163623932363331663631
64626335323661313638653861363736616531653038363661326438373466393765656434313163
393362393761396533333137613734356134
