$ANSIBLE_VAULT;1.1;AES256
32633966316434346662313137346363653464306338303033363530646330373264306163626663
3933386331326639333361383361386139316661323663640a353162383832336531323632666164
39353732363864333231633231623434636661653735393631326461363931303364346262323862
3833363733373434650a356335336665616130363763663837663531376435636432303538616533
33366663353835623163653431666532616362666465636464626239626164313834366666613139
31313562373566646238326239326664613638643664383032613434636133353230316334633836
61333264303664316161313035363233353233326430643334343666613130613761656535326536
64376533333236313830663161386464346631313831353765663131343762636439356163393332
33633531353062643032316262666230353063613863623561316335373266333335343238356263
32393137626238346339376362353032316534646161613934346631313930653632333230393338
34623066396430313630613836373766376639336139373533306334316433303032363866663162
32303264326563326232656634663161636165333764623137646138333634316531646235663431
63363938376161643463386662653361666535636264323265346639643534353732333761313962
31613437663832626664306430303834343535613561633665646439363036306335633637313332
636365366331336131383764613962373235
