$ANSIBLE_VAULT;1.1;AES256
62623466343837386164613964383265316235313035353563306332363731346136333337316363
6438326362313530396463616435636533303832316365320a376438326630623363633565633631
64383166366139316237663564613239633934623736393233393638343732343030643735343761
6565663736346136370a326430366336663938646634316536326664343537613964336332346232
66653165666463343430646237303161623538373332636365656136363530306362656535306639
63386338396636333537366537623064333230643638393937373361613137663365343863366335
36633165303736376463336662613064333932363362323638303934383162643264393437623332
65366436646564326537303565363038373339343537373830626538613432363533323439623663
64366563363861353465653363633962393065306164653132306537393162386132373233643166
32323130306136366362373765363137376134643763343863303932336434346563633064393461
65356166643431386630653132323765653930646234336563656430383766316537613939623633
30303333323032336332343231393531353732343335346338306238366565303530383463316161
34393762646361316537386161633936373638373030363431313432633937363638343838643462
37373631636564303739386638623465373263636164616233656232643062653534613564333632
39376335376162393934333461636333303734343063626338303262613639613834343037396432
36313366393733386161363835613636386365666532616230633230636137373039376333333566
38663065353964656635663063363463356133646639636538313235386335313166323138653139
31643837373065643131613231623166663864343936636362316561363464313632613538366138
66343836663962343361353463356265396339653237383035646437353731653263323664626536
32366465303236353837613935393332393636363639393735613733333164623562386636386639
38636164643864326233643930613066653634303663623939623636633863613931396130333433
38643933636136323566393661386637363436633065623030396664383731623636336634343931
39306339393534393436363135356562616162616538663461393464663531376239306632626239
33646163373033643738653731626636373735343839323939643931663739336130363139386631
30336539653132653061363632386633643532643961333837633538383462646234326637653532
36323561613030336638396162653031333935386234353164666161623263666462616536653932
65646338326262323132353562386430663435663631373964643937656265396232313665373236
31343635643062353934623333393865383334353938333138313632303936623561376235383365
33663761613237376630626163373430303334633033353232356134663437623065
